3ec3850e-b9b7-43a8-a41c-5b97fcc1ec9b,1,1,1,-1
fc4b6189-346f-445e-848c-5282fb58109c,1,1,1,-1
95f4a087-4d24-4e76-99dd-b356731ade37,1,1,1,-1
3aee3149-26f2-4b9e-a9e9-827914aeb2a6,1,1,1,-1
2ce2eea0-c5fe-481d-8a4e-e81119a80454,1,1,1,-1
dba133c4-5de0-4997-b09a-5ce76a48e998,1,1,1,-1
faf9fe99-26e3-4367-9f65-5177c3fe1a7c,1,1,1,-1
4e34cb44-11c3-4727-aec0-246ca04ee12c,1,1,1,-1
c4984d36-46c7-464d-94d6-ff5d27083b33,1,1,1,-1
92d832da-2f63-4e7b-bd56-ac8773fbcf0c,1,1,1,-1
6722917e-98c8-40a6-9a43-69a6cb63f63c,0,2,1,-1
caf18030-4b4f-490b-a08c-8bfd9cbaa915,0,2,1,-1
1f1016b4-43ab-4216-a704-381e2a891ebe,0,2,1,-1
a50a42e3-934a-40f8-8c1f-27ebfa7f00b8,0,2,1,-1
b680222d-7fe7-4676-857b-3123f12c120c,0,2,1,-1
0916ab71-0c63-46c2-90fa-130592e5d643,0,2,1,-1
e54b47c6-305f-435e-81cc-2913ec5e6775,0,2,1,-1
d1175c56-353c-492f-a69c-e600465a7239,0,2,1,-1
b408f292-f454-4822-83d1-8181881e09a7,0,2,1,-1
d86c34da-50e6-4bdb-9913-f346b7398d79,0,2,1,-1
21a20513-4b4a-444f-8711-3ccea838dab5,1,4,2,-1
776b5288-8130-4c9c-bc2a-9f90732c5aaf,1,4,2,-1
ca1a8f87-ee71-4822-80eb-c345fcd43952,1,4,2,-1
0859f904-2214-41d2-adca-130c569af351,1,4,2,-1
1f08571a-71d6-4834-8b34-15b9e6fb675a,1,4,2,-1
966a92a2-a008-4ff5-b08c-046943090739,1,4,2,-1
64b5f04e-561f-4962-9ec7-be3981aa7c7d,1,4,2,-1
974ce693-491a-48cb-847e-20cc0593e179,1,4,2,-1
cbfd8762-1205-4de6-ba51-9f8191c796b7,1,4,2,-1
5a0f67c7-3035-48f7-9d05-11397a5442af,1,4,2,-1
c33b4da0-0d27-4868-b131-3e3d5867bb68,0,4,2,-1
76f10cc9-c51c-4be8-987f-028dd9df4064,0,4,2,-1
9dcea264-661d-4e95-b1af-a0aecb753858,0,4,2,-1
6cbc479d-e539-4e78-8ab5-adf3e2ce523d,0,4,2,-1
52b57cd4-3ec4-4481-8384-9b3ac70b6fd9,0,4,2,-1
26be7d6c-c5b5-4b94-983d-f0a48c351fee,0,4,2,-1
50ac3d4b-10f9-421e-9b41-5b4a97d1cb87,0,4,2,-1
e4eac0e7-c889-4f08-875e-3db7be2f9496,0,4,2,-1
d312198a-ec04-4f3c-b10a-ea1f7f5192b5,0,4,2,-1
357cff45-76a0-46a5-b2a4-4e4351582ada,0,4,2,-1
fd7780df-2d91-45bd-9589-3337291c2b2f,0,4,0,-1
1e6a027a-9696-4b8b-93c7-c922758a4466,0,4,0,-1
e868acda-e26e-44fd-b679-0bbcb0fc1c1a,0,4,0,-1
a70c2688-261a-4fd5-b0af-9e7fa2384a61,0,4,0,-1
f5438e08-325a-4d32-8990-8e74f0debfe7,0,4,0,-1
94f02974-c2ff-4d9e-8806-209a43117b9c,0,4,0,-1
b6ae5905-b8c2-44c6-a3e9-f099e08f4489,0,4,0,-1
7b9b856b-4d15-4fcf-b2c1-4f9a3e61fae5,0,4,0,-1
0a40bce9-7cd9-44f8-86c0-be0f7295d5ae,0,4,0,-1
d6360194-0fcb-461a-b41f-f597885aa38e,0,4,0,-1
3bdf4df3-c1f9-45a5-8def-9d522b6af33c,-1,-1,-1,118
a9cf1eb4-5cac-44a6-9bf9-6fadf5a6cc48,-1,-1,-1,118
0cfd7ea5-f8ea-4825-ad29-b3919c0ca083,-1,-1,-1,118
85bd4531-bd31-4904-ae7c-ac10bc8939ae,-1,-1,-1,118
a6a36938-461f-45bb-80d6-bed513a886c5,-1,-1,-1,118
2f6252bc-78a7-4d23-b6e9-9e88b13e37c3,-1,-1,-1,118
629a524a-23c6-44f1-8672-d98aa2099d0c,-1,-1,-1,118
92620898-ded3-49f4-b433-ac8f55b7a845,-1,-1,-1,118
7b4aa51d-b948-4bbe-83a8-ca2a1b94b37c,-1,-1,-1,118
a56286b0-545d-4b21-a242-0da582cd88d3,-1,-1,-1,118
248c7fc3-084a-483e-88a0-c78f6c78ea93,-1,-1,-1,119
d2357895-4c5a-4227-ab71-ed75e1ca33ce,-1,-1,-1,119
3a8062b7-c03e-4ec2-864b-238157df57ab,-1,-1,-1,119
6284db71-48df-454b-abac-6ef7de646f49,-1,-1,-1,119
9cb7f16f-22bf-47ad-a3ff-48f93ffa741d,-1,-1,-1,119
1c44ed4d-f633-4107-8eac-c42efff7f35c,-1,-1,-1,119
ea9ce7a8-2e5d-464b-8fb8-ff5b7fb1265d,-1,-1,-1,119
e770fac4-5009-451c-8368-f18814976ecb,-1,-1,-1,119
ee9e1c28-a91f-4d0f-ab2d-1d6850ca525f,-1,-1,-1,119
f37ab3bf-eea1-4826-8558-16bf6eb6b5a5,-1,-1,-1,119
54ec179a-22cf-405a-bdd7-6b1a4eb12003,-1,-1,-1,174
2afdf863-8770-43dc-8d21-03cc1b124825,-1,-1,-1,174
e7568754-d267-4950-bcda-3e5bfefca484,-1,-1,-1,174
4d3b1e38-bc71-42f8-9993-1d96a72449e0,-1,-1,-1,174
16963f49-d80a-4d7d-8261-38e1bad30bb9,-1,-1,-1,174
96ec0ec0-70ae-4bbc-956e-f0a7bab92625,-1,-1,-1,174
9490582d-6691-40a5-973b-f852ff75594a,-1,-1,-1,174
7ea839a6-5592-431c-b5ea-7b6b3d60fccc,-1,-1,-1,174
36b0f17b-6f2f-4605-b7d9-d7550d03b601,-1,-1,-1,174
76d15bd5-fe3a-4db5-bca7-c9d541d8f90d,-1,-1,-1,174
65f603e4-2ece-442f-bdf8-467e6deb4b92,-1,-1,-1,175
3d0e8deb-0e35-4c98-ad32-c3c1bbca07af,-1,-1,-1,175
264980ff-103a-4bea-ad18-f53d9039b498,-1,-1,-1,175
1e65f3bf-bd9c-45de-99db-033a12d3cf8f,-1,-1,-1,175
00b3ca81-6ef0-4605-a3c0-1e373f2c1c69,-1,-1,-1,175
1c9090b8-0629-45f5-b2cb-c62839152efc,-1,-1,-1,175
2e709dc8-0e79-4fa8-be66-07dc12a3394c,-1,-1,-1,175
bda1e823-1570-4dea-93d7-f9e302381b1b,-1,-1,-1,175
5e4e5d08-f139-45cb-8431-98f8419106c0,-1,-1,-1,175
54697c33-bea4-4e94-b204-3b4e40f4347e,-1,-1,-1,175
fad84417-dd88-4204-aa34-8becc2e13a93,-1,-1,-1,163
0ea2ce35-660f-499b-ab0b-bcc4286743b5,-1,-1,-1,163
762e79cd-dd0f-4997-bf65-919f3bc67432,-1,-1,-1,163
846028c7-1653-46f4-8045-4d7782959b0a,-1,-1,-1,163
7de8502c-1e87-4491-a547-3da8c23d1171,-1,-1,-1,163
90431230-3983-4ae7-a6af-7c96a0df0f89,-1,-1,-1,163
65d76bee-066b-427e-9bd4-ed12297bc31f,-1,-1,-1,163
ebe9d165-f7ae-4175-a37e-80dd94fc5404,-1,-1,-1,163
dc02b484-6bf6-4650-b112-194d8438ef4c,-1,-1,-1,163
ecd3e8f6-aa2b-4719-996f-08257e1fbd60,-1,-1,-1,163
563e04d9-6f7f-481e-bf9d-6fad1e2da198,-1,-1,-1,-1
c5f49465-4aa6-4f6b-a487-b8cb8a429049,-1,-1,-1,-1
07c46c69-425d-4eb2-8e5c-e6125507365a,-1,-1,-1,-1
91683e79-b9f6-41d5-a342-0af66c421945,-1,-1,-1,-1
e811edf6-c313-4eea-a79a-1849dfad2d25,-1,-1,-1,-1
0f4b2ebb-6afc-4173-951a-28697ac92e83,-1,-1,-1,-1
674ae386-8503-4058-8a42-317e166e1723,-1,-1,-1,-1
198aeb27-4c66-478d-ba3c-a8031f7d9778,-1,-1,-1,-1
c3566493-6790-4d25-81a5-605f57d477b2,-1,-1,-1,-1
a0c29501-612f-4180-8f48-be4f259c34b8,-1,-1,-1,-1